SFFHelper.IRRPRIMDEGCACHE := 
[ ,,,,,,,,,,,,,,,,,,,,,, 
  [ [ 3, 0, 6784 ], [ 5, 0, 183 ], [ 7, 0, 4047 ], [ 3, 1, 1079856607808 ], 
      [ 13, 0, 8716 ], [ 17, 0, 2588307667 ], [ 19, 0, 454099491545334 ], 
      [ 5, 1, 95145189268703749111 ], [ 3, 2, 1801152929137 ], 
      [ 29, 0, 8049 ], [ 31, 0, 5036 ], [ 37, 0, 3764432 ], 
      [ 41, 0, 3013620 ], [ 43, 0, 6001619 ], [ 47, 0, 3127 ], 
      [ 7, 1, 3404825953 ], [ 53, 0, 1765527609 ], [ 59, 0, 7543 ], 
      [ 61, 0, 5036 ], [ 67, 0, 3590322 ], [ 71, 0, 2182161730 ], 
      [ 73, 0, 543604 ], [ 79, 0, 9498 ], 
      [ 3, 3, 
          12183510559952590421336576071682574866956681345766596595881214169803\
841803 ], [ 83, 0, 4277 ], [ 89, 0, 11062 ], [ 97, 0, 2546973 ], 
      [ 101, 0, 3702 ], [ 103, 0, 3858870 ], [ 107, 0, 2966 ], 
      [ 109, 0, 6646 ], [ 113, 0, 1837469 ], 
      [ 5, 2, 
          42111598421133554354403712371606908655494319300004509871024952264602
         ], [ 127, 0, 229 ], [ 131, 0, 6761 ], [ 137, 0, 2955637 ], 
      [ 139, 0, 7658 ], [ 149, 0, 10556 ], [ 151, 0, 4277 ], 
      [ 157, 0, 2114228 ], [ 163, 0, 259485 ], [ 167, 0, 5439476 ], 
      [ 13, 1, 
          32787071083128425607532466304422698217762741702098777256103011993719\
59047036766407453481825397998962628208702990410511374195 ], [ 173, 0, 4737 ], 
      [ 179, 0, 3639749 ], [ 181, 0, 3127 ] ] ];

